957.0 0.0 2.0 54.0 65.0 0.0 0.0 0.0 0.0 0.0 0.0 0.0 0.0 0.0 0.0 0.0 0.0 0.0 89.0
0.0 1114.0 0.0 0.0 0.0 0.0 0.0 42.0 0.0 0.0 0.0 0.0 0.0 7.0 0.0 0.0 0.0 0.0 44.0
3.0 0.0 939.0 47.0 0.0 0.0 0.0 0.0 7.0 0.0 2.0 0.0 0.0 0.0 1.0 0.0 0.0 0.0 33.0
76.0 0.0 42.0 584.0 1.0 0.0 0.0 0.0 0.0 0.0 1.0 0.0 0.0 0.0 0.0 0.0 0.0 0.0 57.0
89.0 0.0 0.0 0.0 821.0 0.0 0.0 0.0 0.0 0.0 0.0 0.0 0.0 0.0 0.0 0.0 0.0 0.0 39.0
0.0 0.0 0.0 0.0 0.0 292.0 0.0 0.0 1.0 3.0 0.0 4.0 0.0 1.0 0.0 0.0 0.0 0.0 26.0
0.0 0.0 0.0 0.0 0.0 0.0 273.0 0.0 0.0 0.0 0.0 0.0 0.0 0.0 0.0 0.0 0.0 0.0 5.0
0.0 55.0 0.0 0.0 0.0 0.0 0.0 328.0 0.0 0.0 0.0 0.0 0.0 0.0 0.0 0.0 0.0 0.0 31.0
0.0 0.0 4.0 0.0 0.0 3.0 1.0 0.0 213.0 0.0 4.0 0.0 0.0 0.0 0.0 0.0 0.0 0.0 8.0
0.0 1.0 0.0 0.0 0.0 6.0 0.0 0.0 0.0 792.0 3.0 0.0 0.0 0.0 1.0 0.0 0.0 1.0 42.0
0.0 0.0 4.0 0.0 0.0 6.0 0.0 0.0 6.0 4.0 306.0 0.0 0.0 3.0 0.0 0.0 0.0 0.0 17.0
0.0 0.0 0.0 0.0 0.0 2.0 0.0 0.0 0.0 0.0 0.0 130.0 0.0 14.0 0.0 0.0 0.0 0.0 25.0
0.0 0.0 0.0 0.0 0.0 0.0 0.0 0.0 0.0 0.0 0.0 0.0 124.0 0.0 0.0 0.0 0.0 0.0 2.0
0.0 18.0 0.0 0.0 0.0 2.0 0.0 0.0 0.0 1.0 0.0 42.0 0.0 206.0 0.0 0.0 0.0 0.0 51.0
0.0 0.0 0.0 0.0 0.0 0.0 0.0 0.0 0.0 0.0 0.0 0.0 0.0 0.0 132.0 0.0 0.0 0.0 3.0
0.0 0.0 0.0 0.0 0.0 0.0 0.0 0.0 0.0 0.0 0.0 0.0 0.0 0.0 0.0 0.0 0.0 0.0 0.0
0.0 0.0 0.0 0.0 0.0 0.0 0.0 0.0 0.0 0.0 0.0 0.0 0.0 0.0 0.0 0.0 0.0 0.0 0.0
0.0 0.0 0.0 0.0 0.0 0.0 0.0 0.0 0.0 0.0 0.0 0.0 0.0 0.0 0.0 0.0 0.0 0.0 0.0
2.0 3.0 2.0 0.0 1.0 4.0 0.0 7.0 0.0 14.0 2.0 1.0 0.0 4.0 0.0 0.0 0.0 0.0 0.0